;Simulation Settings 
integrator = RK4
simStep = 0.5
maxB = 4.452643845505664E-4
maxVectorLength = 5.0
showArrowheadLowerLimit = 0.5
arrowHeadLength = 0.4
minColor = 0.0
maxColor = 0.85

;Vector Lattice 
xRange = -5.0 5.0
yRange = -5.0 5.0
zRange = -5.0 5.0
xNum = 5.0
yNum = 5.0
zNum = 5.0

;Viewport Settings 
zoom = 20.0
upscale = 36.0
fov = 40.0
screen = 0.13486605016826536 19.994838842380585 -0.43385575453031333
camera = 0.31962212304091087 47.38622383238316 -1.0282046310653377
plotStep = 0.025
cubeLength = 20.0

=== 0 Solenoid b86944 ===
position = 0.0 -5.0 0.0
direction = 0.0 1.0 0.0
current = 100.0
length = 1.0
radius = 1.0
turns = 10.0

