;Simulation Settings 
integrator = RK4
simStep = 0.5
maxB = 3.133620584838321E-4
maxVectorLength = 0.1
showArrowheadLowerLimit = 0.01
arrowHeadLength = 0.02
minColor = 0.0
maxColor = 0.85
progressInterval = 25

;Vector Lattice 
probe = 0.0 0.0 0.0
xRange = 0.308 0.308
yRange = -0.1 0.3
zRange = 0.0 0.0
xNum = 1.0
yNum = 25.0
zNum = 1.0

;Viewport Settings 
zoom = 0.8796093022208007
upscale = 2136.23046875
fov = 40.0
screen_x-axis = 0.9945885847935928 -2.926086679508857E-4 -0.10389158473353632
screen_y-axis = -0.011170610498479118 0.993897637652275 -0.10973925154801792
screen = 0.09085459087863215 0.09702613031658312 0.8695078480987994
camera = 0.1386785571100524 0.14809866649721687 1.327198687530132
plotStep = 0.001
cubeLength = 0.5

=== 0 Solenoid ===
position = 0.208 -0.0215 0.0
direction = 0.0 1.0 0.0
current = 0.24
length = 0.0215
radius = 0.075
turns = 320.0
scale_plot_step = 0.1

=== 1 Solenoid ===
position = 0.063 0.191 0.0
direction = 0.894427190999916 -0.447213595499958 0.0
current = 0.21
length = 0.0215
radius = 0.075
turns = 320.0
scale_plot_step = 0.1

